Issuer generation time in microseconds per number of claims (From 1 to 100, with 1 concealed claim) (Excluding Constant Issuer Signature Time):
Claims  [CSD-JWT]       Encoding        Generation      Total           [SD-JWT]        Encoding        Generation      Total
(001)                   10269           4085            14354                           178             273             451
(002)                   9491            277             9768                            76              264             340
(003)                   11143           395             11538                           72              378             450
(004)                   10631           345             10976                           67              305             372
(005)                   10053           292             10345                           67              305             372
(006)                   10165           258             10423                           65              269             334
(007)                   10229           287             10516                           69              298             367
(008)                   11041           296             11337                           67              289             356
(009)                   10839           386             11225                           77              302             379
(010)                   10515           236             10751                           65              300             365
(011)                   10355           326             10681                           50              243             293
(012)                   10413           267             10680                           49              224             273
(013)                   10493           244             10737                           50              231             281
(014)                   10540           239             10779                           55              252             307
(015)                   11767           266             12033                           48              238             286
(016)                   10085           245             10330                           53              249             302
(017)                   10401           258             10659                           67              235             302
(018)                   10443           282             10725                           58              271             329
(019)                   10628           276             10904                           55              273             328
(020)                   10705           273             10978                           53              229             282
(021)                   10554           231             10785                           59              269             328
(022)                   10656           274             10930                           56              259             315
(023)                   10770           284             11054                           62              245             307
(024)                   11269           244             11513                           67              288             355
(025)                   11464           314             11778                           174             325             499
(026)                   11389           266             11655                           66              311             377
(027)                   10692           451             11143                           73              275             348
(028)                   10781           279             11060                           69              274             343
(029)                   10962           465             11427                           62              278             340
(030)                   10748           270             11018                           56              261             317
(031)                   10687           256             10943                           58              269             327
(032)                   10648           243             10891                           59              262             321
(033)                   10713           266             10979                           72              275             347
(034)                   12177           324             12501                           68              289             357
(035)                   11933           601             12534                           63              281             344
(036)                   11772           263             12035                           62              279             341
(037)                   12143           280             12423                           61              308             369
(038)                   11916           274             12190                           64              259             323
(039)                   11866           429             12295                           62              293             355
(040)                   11876           270             12146                           68              306             374
(041)                   12256           322             12578                           73              290             363
(042)                   11863           251             12114                           69              274             343
(043)                   11969           271             12240                           67              287             354
(044)                   12105           270             12375                           66              282             348
(045)                   12086           265             12351                           62              295             357
(046)                   12149           280             12429                           71              270             341
(047)                   12210           298             12508                           68              281             349
(048)                   12162           296             12458                           64              273             337
(049)                   12336           267             12603                           79              281             360
(050)                   11942           332             12274                           68              287             355
(051)                   12295           291             12586                           67              281             348
(052)                   12075           315             12390                           69              293             362
(053)                   12144           318             12462                           71              321             392
(054)                   12350           276             12626                           69              282             351
(055)                   12199           316             12515                           69              288             357
(056)                   12186           314             12500                           72              320             392
(057)                   12337           323             12660                           78              272             350
(058)                   12361           306             12667                           67              308             375
(059)                   12452           309             12761                           65              310             375
(060)                   12208           296             12504                           64              286             350
(061)                   12492           314             12806                           66              298             364
(062)                   12422           303             12725                           69              279             348
(063)                   12521           518             13039                           81              340             421
(064)                   13083           350             13433                           69              303             372
(065)                   12609           281             12890                           78              292             370
(066)                   12933           291             13224                           66              292             358
(067)                   12921           359             13280                           68              299             367
(068)                   13063           303             13366                           67              300             367
(069)                   12744           328             13072                           67              310             377
(070)                   12952           453             13405                           89              309             398
(071)                   12832           328             13160                           76              304             380
(072)                   12754           306             13060                           68              297             365
(073)                   13719           312             14031                           82              289             371
(074)                   12834           320             13154                           68              297             365
(075)                   12971           289             13260                           67              299             366
(076)                   13150           308             13458                           66              316             382
(077)                   13050           344             13394                           69              295             364
(078)                   13249           561             13810                           74              298             372
(079)                   12990           304             13294                           76              318             394
(080)                   12936           403             13339                           67              316             383
(081)                   13054           342             13396                           79              298             377
(082)                   12870           339             13209                           70              303             373
(083)                   13254           348             13602                           67              321             388
(084)                   13210           318             13528                           70              317             387
(085)                   13288           356             13644                           66              300             366
(086)                   12996           348             13344                           71              302             373
(087)                   13091           339             13430                           74              316             390
(088)                   13216           338             13554                           71              305             376
(089)                   13301           326             13627                           84              314             398
(090)                   13075           348             13423                           75              563             638
(091)                   13491           330             13821                           71              311             382
(092)                   13129           333             13462                           72              445             517
(093)                   13409           331             13740                           72              322             394
(094)                   13624           375             13999                           74              320             394
(095)                   13525           365             13890                           71              322             393
(096)                   13423           339             13762                           72              319             391
(097)                   13539           347             13886                           80              309             389
(098)                   13678           351             14029                           73              353             426
(099)                   13725           387             14112                           71              324             395
(100)                   13734           337             14071                           72              332             404
