Simulated size of generated VP per number of claims (From 10 to 100 claims, step 10)
for a percentage of disclosed claim (From 0% +1 to 90% +1 disclosed claims, step 10%):
Claims  Disclosures     [CSD-JWT-R]     [CSD-JWT]       [Total]         [SD-JWT-R]      [SD-JWT]        [Total]
(010)
        (001)           72              212             284             64              447             511
        (002)           144             212             356             128             447             575
        (003)           216             212             428             192             447             639
        (004)           288             212             500             256             447             703
        (005)           360             212             572             320             447             767
        (006)           432             212             644             384             447             831
        (007)           504             212             716             448             447             895
        (008)           576             212             788             512             447             959
        (009)           648             212             860             576             447             1023
        (010)           720             212             932             640             447             1087
(020)
        (001)           74              212             286             64              877             941
        (003)           222             212             434             192             877             1069
        (005)           370             212             582             320             877             1197
        (007)           518             212             730             448             877             1325
        (009)           666             212             878             576             877             1453
        (011)           812             212             1024            706             877             1583
        (013)           956             212             1168            838             877             1715
        (015)           1100            212             1312            970             877             1847
        (017)           1244            212             1456            1102            877             1979
        (019)           1388            212             1600            1234            877             2111
(030)
        (001)           74              212             286             64              1307            1371
        (004)           296             212             508             256             1307            1563
        (007)           518             212             730             448             1307            1755
        (010)           740             212             952             640             1307            1947
        (013)           962             212             1174            838             1307            2145
        (016)           1184            212             1396            1036            1307            2343
        (019)           1406            212             1618            1234            1307            2541
        (022)           1624            212             1836            1432            1307            2739
        (025)           1840            212             2052            1630            1307            2937
        (028)           2056            212             2268            1828            1307            3135
(040)
        (001)           74              212             286             64              1737            1801
        (005)           370             212             582             320             1737            2057
        (009)           666             212             878             576             1737            2313
        (013)           962             212             1174            838             1737            2575
        (017)           1258            212             1470            1102            1737            2839
        (021)           1554            212             1766            1366            1737            3103
        (025)           1850            212             2062            1630            1737            3367
        (029)           2146            212             2358            1894            1737            3631
        (033)           2436            212             2648            2158            1737            3895
        (037)           2724            212             2936            2422            1737            4159
(050)
        (001)           74              212             286             64              2167            2231
        (006)           444             212             656             384             2167            2551
        (011)           814             212             1026            706             2167            2873
        (016)           1184            212             1396            1036            2167            3203
        (021)           1554            212             1766            1366            2167            3533
        (026)           1924            212             2136            1696            2167            3863
        (031)           2294            212             2506            2026            2167            4193
        (036)           2664            212             2876            2356            2167            4523
        (041)           3032            212             3244            2686            2167            4853
        (046)           3392            212             3604            3016            2167            5183
(060)
        (001)           74              212             286             64              2597            2661
        (007)           518             212             730             448             2597            3045
        (013)           962             212             1174            838             2597            3435
        (019)           1406            212             1618            1234            2597            3831
        (025)           1850            212             2062            1630            2597            4227
        (031)           2294            212             2506            2026            2597            4623
        (037)           2738            212             2950            2422            2597            5019
        (043)           3182            212             3394            2818            2597            5415
        (049)           3626            212             3838            3214            2597            5811
        (055)           4060            212             4272            3610            2597            6207
(070)
        (001)           74              212             286             64              3027            3091
        (008)           592             212             804             512             3027            3539
        (015)           1110            212             1322            970             3027            3997
        (022)           1628            212             1840            1432            3027            4459
        (029)           2146            212             2358            1894            3027            4921
        (036)           2664            212             2876            2356            3027            5383
        (043)           3182            212             3394            2818            3027            5845
        (050)           3700            212             3912            3280            3027            6307
        (057)           4218            212             4430            3742            3027            6769
        (064)           4728            212             4940            4204            3027            7231
(080)
        (001)           74              212             286             64              3457            3521
        (009)           666             212             878             576             3457            4033
        (017)           1258            212             1470            1102            3457            4559
        (025)           1850            212             2062            1630            3457            5087
        (033)           2442            212             2654            2158            3457            5615
        (041)           3034            212             3246            2686            3457            6143
        (049)           3626            212             3838            3214            3457            6671
        (057)           4218            212             4430            3742            3457            7199
        (065)           4810            212             5022            4270            3457            7727
        (073)           5396            212             5608            4798            3457            8255
(090)
        (001)           74              212             286             64              3887            3951
        (010)           740             212             952             640             3887            4527
        (019)           1406            212             1618            1234            3887            5121
        (028)           2072            212             2284            1828            3887            5715
        (037)           2738            212             2950            2422            3887            6309
        (046)           3404            212             3616            3016            3887            6903
        (055)           4070            212             4282            3610            3887            7497
        (064)           4736            212             4948            4204            3887            8091
        (073)           5402            212             5614            4798            3887            8685
        (082)           6064            212             6276            5392            3887            9279
(100)
        (001)           74              212             286             64              4317            4381
        (011)           814             212             1026            706             4317            5023
        (021)           1554            212             1766            1366            4317            5683
        (031)           2294            212             2506            2026            4317            6343
        (041)           3034            212             3246            2686            4317            7003
        (051)           3774            212             3986            3346            4317            7663
        (061)           4514            212             4726            4006            4317            8323
        (071)           5254            212             5466            4666            4317            8983
        (081)           5994            212             6206            5326            4317            9643
        (091)           6732            212             6944            5986            4317            10303